     0.8 -1.20001  0 -1
     0.8 -1.20001  0 -1
0.799999 -1.20001  0 -1
0.799999 -1.20001  0 -1
0.799998 -1.20001  0 -1
0.799998 -1.20001  0 -1
0.799998 -1.20001  0 -1
0.799997 -1.20001  0 -1
0.799997 -1.20001  0 -1
0.799996 -1.20001  0 -1
0.799996 -1.20001  0 -1
0.799996 -1.20001  0 -1
0.799995 -1.20001  0 -1
0.799995 -1.20001  0 -1
0.799994 -1.20001  0 -1
0.799994 -1.20001  0 -1
0.799994 -1.20001  0 -1
0.799993 -1.20001  0 -1
0.799993 -1.20001  0 -1
0.799992 -1.20001  0 -1
0.799992 -1.20001  0 -1
0.799992 -1.20001  0 -1
0.799991 -1.20001  0 -1
0.799991 -1.20001  0 -1
 0.79999 -1.20001  0 -1
 0.79999 -1.20001  0 -1
  0.9998 -1.20001  0 -1
0.991816 -1.20001  0 -1
0.983832 -1.20001  0 -1
0.975848 -1.20001  0 -1
0.967864 -1.20001  0 -1
 0.95988 -1.20001  0 -1
0.951896 -1.20001  0 -1
0.943912 -1.20001  0 -1
0.935928 -1.20001  0 -1
0.927944 -1.20001  0 -1
 0.91996 -1.20001  0 -1
0.911976 -1.20001  0 -1
0.903992 -1.20001  0 -1
0.896008 -1.20001  0 -1
0.888024 -1.20001  0 -1
 0.88004 -1.20001  0 -1
0.872056 -1.20001  0 -1
0.864072 -1.20001  0 -1
0.856088 -1.20001  0 -1
0.848104 -1.20001  0 -1
 0.84012 -1.20001  0 -1
0.832136 -1.20001  0 -1
0.824152 -1.20001  0 -1
0.816168 -1.20001  0 -1
0.808184 -1.20001  0 -1
  0.8002 -1.20001  0 -1
  1.1998 -1.20001  0 -1
 1.19182 -1.20001  0 -1
 1.18383 -1.20001  0 -1
 1.17585 -1.20001  0 -1
 1.16786 -1.20001  0 -1
 1.15988 -1.20001  0 -1
  1.1519 -1.20001  0 -1
 1.14391 -1.20001  0 -1
 1.13593 -1.20001  0 -1
 1.12794 -1.20001  0 -1
 1.11996 -1.20001  0 -1
 1.11198 -1.20001  0 -1
 1.10399 -1.20001  0 -1
 1.09601 -1.20001  0 -1
 1.08802 -1.20001  0 -1
 1.08004 -1.20001  0 -1
 1.07206 -1.20001  0 -1
 1.06407 -1.20001  0 -1
 1.05609 -1.20001  0 -1
  1.0481 -1.20001  0 -1
 1.04012 -1.20001  0 -1
 1.03214 -1.20001  0 -1
 1.02415 -1.20001  0 -1
 1.01617 -1.20001  0 -1
 1.00818 -1.20001  0 -1
  1.0002 -1.20001  0 -1
  1.3998 -1.20001  0 -1
 1.39182 -1.20001  0 -1
 1.38383 -1.20001  0 -1
 1.37585 -1.20001  0 -1
 1.36786 -1.20001  0 -1
 1.35988 -1.20001  0 -1
  1.3519 -1.20001  0 -1
 1.34391 -1.20001  0 -1
 1.33593 -1.20001  0 -1
 1.32794 -1.20001  0 -1
 1.31996 -1.20001  0 -1
 1.31198 -1.20001  0 -1
 1.30399 -1.20001  0 -1
 1.29601 -1.20001  0 -1
 1.28802 -1.20001  0 -1
 1.28004 -1.20001  0 -1
 1.27206 -1.20001  0 -1
 1.26407 -1.20001  0 -1
 1.25609 -1.20001  0 -1
  1.2481 -1.20001  0 -1
 1.24012 -1.20001  0 -1
 1.23214 -1.20001  0 -1
 1.22415 -1.20001  0 -1
 1.21617 -1.20001  0 -1
 1.20818 -1.20001  0 -1
  1.2002 -1.20001  0 -1
  1.5998 -1.20001  0 -1
 1.59182 -1.20001  0 -1
 1.58383 -1.20001  0 -1
 1.57585 -1.20001  0 -1
 1.56786 -1.20001  0 -1
 1.55988 -1.20001  0 -1
  1.5519 -1.20001  0 -1
 1.54391 -1.20001  0 -1
 1.53593 -1.20001  0 -1
 1.52794 -1.20001  0 -1
 1.51996 -1.20001  0 -1
 1.51198 -1.20001  0 -1
 1.50399 -1.20001  0 -1
 1.49601 -1.20001  0 -1
 1.48802 -1.20001  0 -1
 1.48004 -1.20001  0 -1
 1.47206 -1.20001  0 -1
 1.46407 -1.20001  0 -1
 1.45609 -1.20001  0 -1
  1.4481 -1.20001  0 -1
 1.44012 -1.20001  0 -1
 1.43214 -1.20001  0 -1
 1.42415 -1.20001  0 -1
 1.41617 -1.20001  0 -1
 1.40818 -1.20001  0 -1
  1.4002 -1.20001  0 -1
  1.7998 -1.20001  0 -1
 1.79182 -1.20001  0 -1
 1.78383 -1.20001  0 -1
 1.77585 -1.20001  0 -1
 1.76786 -1.20001  0 -1
 1.75988 -1.20001  0 -1
  1.7519 -1.20001  0 -1
 1.74391 -1.20001  0 -1
 1.73593 -1.20001  0 -1
 1.72794 -1.20001  0 -1
 1.71996 -1.20001  0 -1
 1.71198 -1.20001  0 -1
 1.70399 -1.20001  0 -1
 1.69601 -1.20001  0 -1
 1.68802 -1.20001  0 -1
 1.68004 -1.20001  0 -1
 1.67206 -1.20001  0 -1
 1.66407 -1.20001  0 -1
 1.65609 -1.20001  0 -1
  1.6481 -1.20001  0 -1
 1.64012 -1.20001  0 -1
 1.63214 -1.20001  0 -1
 1.62415 -1.20001  0 -1
 1.61617 -1.20001  0 -1
 1.60818 -1.20001  0 -1
  1.6002 -1.20001  0 -1
  1.9998 -1.20001  0 -1
 1.99182 -1.20001  0 -1
 1.98383 -1.20001  0 -1
 1.97585 -1.20001  0 -1
 1.96786 -1.20001  0 -1
 1.95988 -1.20001  0 -1
  1.9519 -1.20001  0 -1
 1.94391 -1.20001  0 -1
 1.93593 -1.20001  0 -1
 1.92794 -1.20001  0 -1
 1.91996 -1.20001  0 -1
 1.91198 -1.20001  0 -1
 1.90399 -1.20001  0 -1
 1.89601 -1.20001  0 -1
 1.88802 -1.20001  0 -1
 1.88004 -1.20001  0 -1
 1.87206 -1.20001  0 -1
 1.86407 -1.20001  0 -1
 1.85609 -1.20001  0 -1
  1.8481 -1.20001  0 -1
 1.84012 -1.20001  0 -1
 1.83214 -1.20001  0 -1
 1.82415 -1.20001  0 -1
 1.81617 -1.20001  0 -1
 1.80818 -1.20001  0 -1
  1.8002 -1.20001  0 -1
  2.1998 -1.20001  0 -1
 2.19182 -1.20001  0 -1
 2.18383 -1.20001  0 -1
 2.17585 -1.20001  0 -1
 2.16786 -1.20001  0 -1
 2.15988 -1.20001  0 -1
  2.1519 -1.20001  0 -1
 2.14391 -1.20001  0 -1
 2.13593 -1.20001  0 -1
 2.12794 -1.20001  0 -1
 2.11996 -1.20001  0 -1
 2.11198 -1.20001  0 -1
 2.10399 -1.20001  0 -1
 2.09601 -1.20001  0 -1
 2.08802 -1.20001  0 -1
 2.08004 -1.20001  0 -1
 2.07206 -1.20001  0 -1
 2.06407 -1.20001  0 -1
 2.05609 -1.20001  0 -1
  2.0481 -1.20001  0 -1
 2.04012 -1.20001  0 -1
 2.03214 -1.20001  0 -1
 2.02415 -1.20001  0 -1
 2.01617 -1.20001  0 -1
 2.00818 -1.20001  0 -1
  2.0002 -1.20001  0 -1
  2.3998 -1.20001  0 -1
 2.39182 -1.20001  0 -1
 2.38383 -1.20001  0 -1
 2.37585 -1.20001  0 -1
 2.36786 -1.20001  0 -1
 2.35988 -1.20001  0 -1
  2.3519 -1.20001  0 -1
 2.34391 -1.20001  0 -1
 2.33593 -1.20001  0 -1
 2.32794 -1.20001  0 -1
 2.31996 -1.20001  0 -1
 2.31198 -1.20001  0 -1
 2.30399 -1.20001  0 -1
 2.29601 -1.20001  0 -1
 2.28802 -1.20001  0 -1
 2.28004 -1.20001  0 -1
 2.27206 -1.20001  0 -1
 2.26407 -1.20001  0 -1
 2.25609 -1.20001  0 -1
  2.2481 -1.20001  0 -1
 2.24012 -1.20001  0 -1
 2.23214 -1.20001  0 -1
 2.22415 -1.20001  0 -1
 2.21617 -1.20001  0 -1
 2.20818 -1.20001  0 -1
  2.2002 -1.20001  0 -1
  2.5998 -1.20001  0 -1
 2.59182 -1.20001  0 -1
 2.58383 -1.20001  0 -1
 2.57585 -1.20001  0 -1
 2.56786 -1.20001  0 -1
 2.55988 -1.20001  0 -1
  2.5519 -1.20001  0 -1
 2.54391 -1.20001  0 -1
 2.53593 -1.20001  0 -1
 2.52794 -1.20001  0 -1
 2.51996 -1.20001  0 -1
 2.51198 -1.20001  0 -1
 2.50399 -1.20001  0 -1
 2.49601 -1.20001  0 -1
 2.48802 -1.20001  0 -1
 2.48004 -1.20001  0 -1
 2.47206 -1.20001  0 -1
 2.46407 -1.20001  0 -1
 2.45609 -1.20001  0 -1
  2.4481 -1.20001  0 -1
 2.44012 -1.20001  0 -1
 2.43214 -1.20001  0 -1
 2.42415 -1.20001  0 -1
 2.41617 -1.20001  0 -1
 2.40818 -1.20001  0 -1
  2.4002 -1.20001  0 -1
  2.7998 -1.20001  0 -1
 2.79182 -1.20001  0 -1
 2.78383 -1.20001  0 -1
 2.77585 -1.20001  0 -1
 2.76786 -1.20001  0 -1
 2.75988 -1.20001  0 -1
  2.7519 -1.20001  0 -1
 2.74391 -1.20001  0 -1
 2.73593 -1.20001  0 -1
 2.72794 -1.20001  0 -1
 2.71996 -1.20001  0 -1
 2.71198 -1.20001  0 -1
 2.70399 -1.20001  0 -1
 2.69601 -1.20001  0 -1
 2.68802 -1.20001  0 -1
 2.68004 -1.20001  0 -1
 2.67206 -1.20001  0 -1
 2.66407 -1.20001  0 -1
 2.65609 -1.20001  0 -1
  2.6481 -1.20001  0 -1
 2.64012 -1.20001  0 -1
 2.63214 -1.20001  0 -1
 2.62415 -1.20001  0 -1
 2.61617 -1.20001  0 -1
 2.60818 -1.20001  0 -1
  2.6002 -1.20001  0 -1
  2.9998 -1.20001  0 -1
 2.99182 -1.20001  0 -1
 2.98383 -1.20001  0 -1
 2.97585 -1.20001  0 -1
 2.96786 -1.20001  0 -1
 2.95988 -1.20001  0 -1
  2.9519 -1.20001  0 -1
 2.94391 -1.20001  0 -1
 2.93593 -1.20001  0 -1
 2.92794 -1.20001  0 -1
 2.91996 -1.20001  0 -1
 2.91198 -1.20001  0 -1
 2.90399 -1.20001  0 -1
 2.89601 -1.20001  0 -1
 2.88802 -1.20001  0 -1
 2.88004 -1.20001  0 -1
 2.87206 -1.20001  0 -1
 2.86407 -1.20001  0 -1
 2.85609 -1.20001  0 -1
  2.8481 -1.20001  0 -1
 2.84012 -1.20001  0 -1
 2.83214 -1.20001  0 -1
 2.82415 -1.20001  0 -1
 2.81617 -1.20001  0 -1
 2.80818 -1.20001  0 -1
  2.8002 -1.20001  0 -1
  3.1998 -1.20001  0 -1
 3.19182 -1.20001  0 -1
 3.18383 -1.20001  0 -1
 3.17585 -1.20001  0 -1
 3.16786 -1.20001  0 -1
 3.15988 -1.20001  0 -1
  3.1519 -1.20001  0 -1
 3.14391 -1.20001  0 -1
 3.13593 -1.20001  0 -1
 3.12794 -1.20001  0 -1
 3.11996 -1.20001  0 -1
 3.11198 -1.20001  0 -1
 3.10399 -1.20001  0 -1
 3.09601 -1.20001  0 -1
 3.08802 -1.20001  0 -1
 3.08004 -1.20001  0 -1
 3.07206 -1.20001  0 -1
 3.06407 -1.20001  0 -1
 3.05609 -1.20001  0 -1
  3.0481 -1.20001  0 -1
 3.04012 -1.20001  0 -1
 3.03214 -1.20001  0 -1
 3.02415 -1.20001  0 -1
 3.01617 -1.20001  0 -1
 3.00818 -1.20001  0 -1
  3.0002 -1.20001  0 -1
 3.20001 -1.20001  0 -1
 3.20001 -1.20001  0 -1
 3.20001 -1.20001  0 -1
 3.20001 -1.20001  0 -1
 3.20001 -1.20001  0 -1
 3.20001 -1.20001  0 -1
 3.20001 -1.20001  0 -1
 3.20001 -1.20001  0 -1
 3.20001 -1.20001  0 -1
 3.20001 -1.20001  0 -1
 3.20001 -1.20001  0 -1
 3.20001 -1.20001  0 -1
 3.20001 -1.20001  0 -1
     3.2 -1.20001  0 -1
     3.2 -1.20001  0 -1
     3.2 -1.20001  0 -1
     3.2 -1.20001  0 -1
     3.2 -1.20001  0 -1
     3.2 -1.20001  0 -1
     3.2 -1.20001  0 -1
     3.2 -1.20001  0 -1
     3.2 -1.20001  0 -1
     3.2 -1.20001  0 -1
     3.2 -1.20001  0 -1
     3.2 -1.20001  0 -1
     3.2 -1.20001  0 -1
3.20001    -1.2  1 -0
3.20001    -1.2  1 -0
3.20001    -1.2  1 -0
3.20001    -1.2  1 -0
3.20001    -1.2  1 -0
3.20001    -1.2  1 -0
3.20001    -1.2  1 -0
3.20001    -1.2  1 -0
3.20001    -1.2  1 -0
3.20001    -1.2  1 -0
3.20001    -1.2  1 -0
3.20001    -1.2  1 -0
3.20001    -1.2  1 -0
 3.20001 -1.20001  1 -0
 3.20001 -1.20001  1 -0
 3.20001 -1.20001  1 -0
 3.20001 -1.20001  1 -0
 3.20001 -1.20001  1 -0
 3.20001 -1.20001  1 -0
 3.20001 -1.20001  1 -0
 3.20001 -1.20001  1 -0
 3.20001 -1.20001  1 -0
 3.20001 -1.20001  1 -0
 3.20001 -1.20001  1 -0
 3.20001 -1.20001  1 -0
 3.20001 -1.20001  1 -0
3.20001 -1.0002  1 -0
 3.20001 -1.00818  1 -0
 3.20001 -1.01617  1 -0
 3.20001 -1.02415  1 -0
 3.20001 -1.03214  1 -0
 3.20001 -1.04012  1 -0
3.20001 -1.0481  1 -0
 3.20001 -1.05609  1 -0
 3.20001 -1.06407  1 -0
 3.20001 -1.07206  1 -0
 3.20001 -1.08004  1 -0
 3.20001 -1.08802  1 -0
 3.20001 -1.09601  1 -0
 3.20001 -1.10399  1 -0
 3.20001 -1.11198  1 -0
 3.20001 -1.11996  1 -0
 3.20001 -1.12794  1 -0
 3.20001 -1.13593  1 -0
 3.20001 -1.14391  1 -0
3.20001 -1.1519  1 -0
 3.20001 -1.15988  1 -0
 3.20001 -1.16786  1 -0
 3.20001 -1.17585  1 -0
 3.20001 -1.18383  1 -0
 3.20001 -1.19182  1 -0
3.20001 -1.1998  1 -0
3.20001 -0.8002  1 -0
  3.20001 -0.808184  1 -0
  3.20001 -0.816168  1 -0
  3.20001 -0.824152  1 -0
  3.20001 -0.832136  1 -0
 3.20001 -0.84012  1 -0
  3.20001 -0.848104  1 -0
  3.20001 -0.856088  1 -0
  3.20001 -0.864072  1 -0
  3.20001 -0.872056  1 -0
 3.20001 -0.88004  1 -0
  3.20001 -0.888024  1 -0
  3.20001 -0.896008  1 -0
  3.20001 -0.903992  1 -0
  3.20001 -0.911976  1 -0
 3.20001 -0.91996  1 -0
  3.20001 -0.927944  1 -0
  3.20001 -0.935928  1 -0
  3.20001 -0.943912  1 -0
  3.20001 -0.951896  1 -0
 3.20001 -0.95988  1 -0
  3.20001 -0.967864  1 -0
  3.20001 -0.975848  1 -0
  3.20001 -0.983832  1 -0
  3.20001 -0.991816  1 -0
3.20001 -0.9998  1 -0
3.20001 -0.6002  1 -0
  3.20001 -0.608184  1 -0
  3.20001 -0.616168  1 -0
  3.20001 -0.624152  1 -0
  3.20001 -0.632136  1 -0
 3.20001 -0.64012  1 -0
  3.20001 -0.648104  1 -0
  3.20001 -0.656088  1 -0
  3.20001 -0.664072  1 -0
  3.20001 -0.672056  1 -0
 3.20001 -0.68004  1 -0
  3.20001 -0.688024  1 -0
  3.20001 -0.696008  1 -0
  3.20001 -0.703992  1 -0
  3.20001 -0.711976  1 -0
 3.20001 -0.71996  1 -0
  3.20001 -0.727944  1 -0
  3.20001 -0.735928  1 -0
  3.20001 -0.743912  1 -0
  3.20001 -0.751896  1 -0
 3.20001 -0.75988  1 -0
  3.20001 -0.767864  1 -0
  3.20001 -0.775848  1 -0
  3.20001 -0.783832  1 -0
  3.20001 -0.791816  1 -0
3.20001 -0.7998  1 -0
3.20001 -0.4002  1 -0
  3.20001 -0.408184  1 -0
  3.20001 -0.416168  1 -0
  3.20001 -0.424152  1 -0
  3.20001 -0.432136  1 -0
 3.20001 -0.44012  1 -0
  3.20001 -0.448104  1 -0
  3.20001 -0.456088  1 -0
  3.20001 -0.464072  1 -0
  3.20001 -0.472056  1 -0
 3.20001 -0.48004  1 -0
  3.20001 -0.488024  1 -0
  3.20001 -0.496008  1 -0
  3.20001 -0.503992  1 -0
  3.20001 -0.511976  1 -0
 3.20001 -0.51996  1 -0
  3.20001 -0.527944  1 -0
  3.20001 -0.535928  1 -0
  3.20001 -0.543912  1 -0
  3.20001 -0.551896  1 -0
 3.20001 -0.55988  1 -0
  3.20001 -0.567864  1 -0
  3.20001 -0.575848  1 -0
  3.20001 -0.583832  1 -0
  3.20001 -0.591816  1 -0
3.20001 -0.5998  1 -0
3.20001 -0.2002  1 -0
  3.20001 -0.208184  1 -0
  3.20001 -0.216168  1 -0
  3.20001 -0.224152  1 -0
  3.20001 -0.232136  1 -0
 3.20001 -0.24012  1 -0
  3.20001 -0.248104  1 -0
  3.20001 -0.256088  1 -0
  3.20001 -0.264072  1 -0
  3.20001 -0.272056  1 -0
 3.20001 -0.28004  1 -0
  3.20001 -0.288024  1 -0
  3.20001 -0.296008  1 -0
  3.20001 -0.303992  1 -0
  3.20001 -0.311976  1 -0
 3.20001 -0.31996  1 -0
  3.20001 -0.327944  1 -0
  3.20001 -0.335928  1 -0
  3.20001 -0.343912  1 -0
  3.20001 -0.351896  1 -0
 3.20001 -0.35988  1 -0
  3.20001 -0.367864  1 -0
  3.20001 -0.375848  1 -0
  3.20001 -0.383832  1 -0
  3.20001 -0.391816  1 -0
3.20001 -0.3998  1 -0
3.20001 -0.0002  1 -0
  3.20001 -0.008184  1 -0
  3.20001 -0.016168  1 -0
  3.20001 -0.024152  1 -0
  3.20001 -0.032136  1 -0
 3.20001 -0.04012  1 -0
  3.20001 -0.048104  1 -0
  3.20001 -0.056088  1 -0
  3.20001 -0.064072  1 -0
  3.20001 -0.072056  1 -0
 3.20001 -0.08004  1 -0
  3.20001 -0.088024  1 -0
  3.20001 -0.096008  1 -0
  3.20001 -0.103992  1 -0
  3.20001 -0.111976  1 -0
 3.20001 -0.11996  1 -0
  3.20001 -0.127944  1 -0
  3.20001 -0.135928  1 -0
  3.20001 -0.143912  1 -0
  3.20001 -0.151896  1 -0
 3.20001 -0.15988  1 -0
  3.20001 -0.167864  1 -0
  3.20001 -0.175848  1 -0
  3.20001 -0.183832  1 -0
  3.20001 -0.191816  1 -0
3.20001 -0.1998  1 -0
3.20001  0.1998  1 -0
 3.20001 0.191816  1 -0
 3.20001 0.183832  1 -0
 3.20001 0.175848  1 -0
 3.20001 0.167864  1 -0
3.20001 0.15988  1 -0
 3.20001 0.151896  1 -0
 3.20001 0.143912  1 -0
 3.20001 0.135928  1 -0
 3.20001 0.127944  1 -0
3.20001 0.11996  1 -0
 3.20001 0.111976  1 -0
 3.20001 0.103992  1 -0
 3.20001 0.096008  1 -0
 3.20001 0.088024  1 -0
3.20001 0.08004  1 -0
 3.20001 0.072056  1 -0
 3.20001 0.064072  1 -0
 3.20001 0.056088  1 -0
 3.20001 0.048104  1 -0
3.20001 0.04012  1 -0
 3.20001 0.032136  1 -0
 3.20001 0.024152  1 -0
 3.20001 0.016168  1 -0
 3.20001 0.008184  1 -0
3.20001  0.0002  1 -0
3.20001  0.3998  1 -0
 3.20001 0.391816  1 -0
 3.20001 0.383832  1 -0
 3.20001 0.375848  1 -0
 3.20001 0.367864  1 -0
3.20001 0.35988  1 -0
 3.20001 0.351896  1 -0
 3.20001 0.343912  1 -0
 3.20001 0.335928  1 -0
 3.20001 0.327944  1 -0
3.20001 0.31996  1 -0
 3.20001 0.311976  1 -0
 3.20001 0.303992  1 -0
 3.20001 0.296008  1 -0
 3.20001 0.288024  1 -0
3.20001 0.28004  1 -0
 3.20001 0.272056  1 -0
 3.20001 0.264072  1 -0
 3.20001 0.256088  1 -0
 3.20001 0.248104  1 -0
3.20001 0.24012  1 -0
 3.20001 0.232136  1 -0
 3.20001 0.224152  1 -0
 3.20001 0.216168  1 -0
 3.20001 0.208184  1 -0
3.20001  0.2002  1 -0
3.20001  0.5998  1 -0
 3.20001 0.591816  1 -0
 3.20001 0.583832  1 -0
 3.20001 0.575848  1 -0
 3.20001 0.567864  1 -0
3.20001 0.55988  1 -0
 3.20001 0.551896  1 -0
 3.20001 0.543912  1 -0
 3.20001 0.535928  1 -0
 3.20001 0.527944  1 -0
3.20001 0.51996  1 -0
 3.20001 0.511976  1 -0
 3.20001 0.503992  1 -0
 3.20001 0.496008  1 -0
 3.20001 0.488024  1 -0
3.20001 0.48004  1 -0
 3.20001 0.472056  1 -0
 3.20001 0.464072  1 -0
 3.20001 0.456088  1 -0
 3.20001 0.448104  1 -0
3.20001 0.44012  1 -0
 3.20001 0.432136  1 -0
 3.20001 0.424152  1 -0
 3.20001 0.416168  1 -0
 3.20001 0.408184  1 -0
3.20001  0.4002  1 -0
3.20001  0.7998  1 -0
 3.20001 0.791816  1 -0
 3.20001 0.783832  1 -0
 3.20001 0.775848  1 -0
 3.20001 0.767864  1 -0
3.20001 0.75988  1 -0
 3.20001 0.751896  1 -0
 3.20001 0.743912  1 -0
 3.20001 0.735928  1 -0
 3.20001 0.727944  1 -0
3.20001 0.71996  1 -0
 3.20001 0.711976  1 -0
 3.20001 0.703992  1 -0
 3.20001 0.696008  1 -0
 3.20001 0.688024  1 -0
3.20001 0.68004  1 -0
 3.20001 0.672056  1 -0
 3.20001 0.664072  1 -0
 3.20001 0.656088  1 -0
 3.20001 0.648104  1 -0
3.20001 0.64012  1 -0
 3.20001 0.632136  1 -0
 3.20001 0.624152  1 -0
 3.20001 0.616168  1 -0
 3.20001 0.608184  1 -0
3.20001  0.6002  1 -0
3.20001  0.9998  1 -0
 3.20001 0.991816  1 -0
 3.20001 0.983832  1 -0
 3.20001 0.975848  1 -0
 3.20001 0.967864  1 -0
3.20001 0.95988  1 -0
 3.20001 0.951896  1 -0
 3.20001 0.943912  1 -0
 3.20001 0.935928  1 -0
 3.20001 0.927944  1 -0
3.20001 0.91996  1 -0
 3.20001 0.911976  1 -0
 3.20001 0.903992  1 -0
 3.20001 0.896008  1 -0
 3.20001 0.888024  1 -0
3.20001 0.88004  1 -0
 3.20001 0.872056  1 -0
 3.20001 0.864072  1 -0
 3.20001 0.856088  1 -0
 3.20001 0.848104  1 -0
3.20001 0.84012  1 -0
 3.20001 0.832136  1 -0
 3.20001 0.824152  1 -0
 3.20001 0.816168  1 -0
 3.20001 0.808184  1 -0
3.20001  0.8002  1 -0
3.20001  1.1998  1 -0
3.20001 1.19182  1 -0
3.20001 1.18383  1 -0
3.20001 1.17585  1 -0
3.20001 1.16786  1 -0
3.20001 1.15988  1 -0
3.20001  1.1519  1 -0
3.20001 1.14391  1 -0
3.20001 1.13593  1 -0
3.20001 1.12794  1 -0
3.20001 1.11996  1 -0
3.20001 1.11198  1 -0
3.20001 1.10399  1 -0
3.20001 1.09601  1 -0
3.20001 1.08802  1 -0
3.20001 1.08004  1 -0
3.20001 1.07206  1 -0
3.20001 1.06407  1 -0
3.20001 1.05609  1 -0
3.20001  1.0481  1 -0
3.20001 1.04012  1 -0
3.20001 1.03214  1 -0
3.20001 1.02415  1 -0
3.20001 1.01617  1 -0
3.20001 1.00818  1 -0
3.20001  1.0002  1 -0
3.20001 1.20001  1 -0
3.20001 1.20001  1 -0
3.20001 1.20001  1 -0
3.20001 1.20001  1 -0
3.20001 1.20001  1 -0
3.20001 1.20001  1 -0
3.20001 1.20001  1 -0
3.20001 1.20001  1 -0
3.20001 1.20001  1 -0
3.20001 1.20001  1 -0
3.20001 1.20001  1 -0
3.20001 1.20001  1 -0
3.20001 1.20001  1 -0
3.20001     1.2  1 -0
3.20001     1.2  1 -0
3.20001     1.2  1 -0
3.20001     1.2  1 -0
3.20001     1.2  1 -0
3.20001     1.2  1 -0
3.20001     1.2  1 -0
3.20001     1.2  1 -0
3.20001     1.2  1 -0
3.20001     1.2  1 -0
3.20001     1.2  1 -0
3.20001     1.2  1 -0
3.20001     1.2  1 -0
    3.2 1.20001 0 1
    3.2 1.20001 0 1
    3.2 1.20001 0 1
    3.2 1.20001 0 1
    3.2 1.20001 0 1
    3.2 1.20001 0 1
    3.2 1.20001 0 1
    3.2 1.20001 0 1
    3.2 1.20001 0 1
    3.2 1.20001 0 1
    3.2 1.20001 0 1
    3.2 1.20001 0 1
    3.2 1.20001 0 1
3.20001 1.20001 0 1
3.20001 1.20001 0 1
3.20001 1.20001 0 1
3.20001 1.20001 0 1
3.20001 1.20001 0 1
3.20001 1.20001 0 1
3.20001 1.20001 0 1
3.20001 1.20001 0 1
3.20001 1.20001 0 1
3.20001 1.20001 0 1
3.20001 1.20001 0 1
3.20001 1.20001 0 1
3.20001 1.20001 0 1
 3.0002 1.20001 0 1
3.00818 1.20001 0 1
3.01617 1.20001 0 1
3.02415 1.20001 0 1
3.03214 1.20001 0 1
3.04012 1.20001 0 1
 3.0481 1.20001 0 1
3.05609 1.20001 0 1
3.06407 1.20001 0 1
3.07206 1.20001 0 1
3.08004 1.20001 0 1
3.08802 1.20001 0 1
3.09601 1.20001 0 1
3.10399 1.20001 0 1
3.11198 1.20001 0 1
3.11996 1.20001 0 1
3.12794 1.20001 0 1
3.13593 1.20001 0 1
3.14391 1.20001 0 1
 3.1519 1.20001 0 1
3.15988 1.20001 0 1
3.16786 1.20001 0 1
3.17585 1.20001 0 1
3.18383 1.20001 0 1
3.19182 1.20001 0 1
 3.1998 1.20001 0 1
 2.8002 1.20001 0 1
2.80818 1.20001 0 1
2.81617 1.20001 0 1
2.82415 1.20001 0 1
2.83214 1.20001 0 1
2.84012 1.20001 0 1
 2.8481 1.20001 0 1
2.85609 1.20001 0 1
2.86407 1.20001 0 1
2.87206 1.20001 0 1
2.88004 1.20001 0 1
2.88802 1.20001 0 1
2.89601 1.20001 0 1
2.90399 1.20001 0 1
2.91198 1.20001 0 1
2.91996 1.20001 0 1
2.92794 1.20001 0 1
2.93593 1.20001 0 1
2.94391 1.20001 0 1
 2.9519 1.20001 0 1
2.95988 1.20001 0 1
2.96786 1.20001 0 1
2.97585 1.20001 0 1
2.98383 1.20001 0 1
2.99182 1.20001 0 1
 2.9998 1.20001 0 1
 2.6002 1.20001 0 1
2.60818 1.20001 0 1
2.61617 1.20001 0 1
2.62415 1.20001 0 1
2.63214 1.20001 0 1
2.64012 1.20001 0 1
 2.6481 1.20001 0 1
2.65609 1.20001 0 1
2.66407 1.20001 0 1
2.67206 1.20001 0 1
2.68004 1.20001 0 1
2.68802 1.20001 0 1
2.69601 1.20001 0 1
2.70399 1.20001 0 1
2.71198 1.20001 0 1
2.71996 1.20001 0 1
2.72794 1.20001 0 1
2.73593 1.20001 0 1
2.74391 1.20001 0 1
 2.7519 1.20001 0 1
2.75988 1.20001 0 1
2.76786 1.20001 0 1
2.77585 1.20001 0 1
2.78383 1.20001 0 1
2.79182 1.20001 0 1
 2.7998 1.20001 0 1
 2.4002 1.20001 0 1
2.40818 1.20001 0 1
2.41617 1.20001 0 1
2.42415 1.20001 0 1
2.43214 1.20001 0 1
2.44012 1.20001 0 1
 2.4481 1.20001 0 1
2.45609 1.20001 0 1
2.46407 1.20001 0 1
2.47206 1.20001 0 1
2.48004 1.20001 0 1
2.48802 1.20001 0 1
2.49601 1.20001 0 1
2.50399 1.20001 0 1
2.51198 1.20001 0 1
2.51996 1.20001 0 1
2.52794 1.20001 0 1
2.53593 1.20001 0 1
2.54391 1.20001 0 1
 2.5519 1.20001 0 1
2.55988 1.20001 0 1
2.56786 1.20001 0 1
2.57585 1.20001 0 1
2.58383 1.20001 0 1
2.59182 1.20001 0 1
 2.5998 1.20001 0 1
 2.2002 1.20001 0 1
2.20818 1.20001 0 1
2.21617 1.20001 0 1
2.22415 1.20001 0 1
2.23214 1.20001 0 1
2.24012 1.20001 0 1
 2.2481 1.20001 0 1
2.25609 1.20001 0 1
2.26407 1.20001 0 1
2.27206 1.20001 0 1
2.28004 1.20001 0 1
2.28802 1.20001 0 1
2.29601 1.20001 0 1
2.30399 1.20001 0 1
2.31198 1.20001 0 1
2.31996 1.20001 0 1
2.32794 1.20001 0 1
2.33593 1.20001 0 1
2.34391 1.20001 0 1
 2.3519 1.20001 0 1
2.35988 1.20001 0 1
2.36786 1.20001 0 1
2.37585 1.20001 0 1
2.38383 1.20001 0 1
2.39182 1.20001 0 1
 2.3998 1.20001 0 1
 2.0002 1.20001 0 1
2.00818 1.20001 0 1
2.01617 1.20001 0 1
2.02415 1.20001 0 1
2.03214 1.20001 0 1
2.04012 1.20001 0 1
 2.0481 1.20001 0 1
2.05609 1.20001 0 1
2.06407 1.20001 0 1
2.07206 1.20001 0 1
2.08004 1.20001 0 1
2.08802 1.20001 0 1
2.09601 1.20001 0 1
2.10399 1.20001 0 1
2.11198 1.20001 0 1
2.11996 1.20001 0 1
2.12794 1.20001 0 1
2.13593 1.20001 0 1
2.14391 1.20001 0 1
 2.1519 1.20001 0 1
2.15988 1.20001 0 1
2.16786 1.20001 0 1
2.17585 1.20001 0 1
2.18383 1.20001 0 1
2.19182 1.20001 0 1
 2.1998 1.20001 0 1
 1.8002 1.20001 0 1
1.80818 1.20001 0 1
1.81617 1.20001 0 1
1.82415 1.20001 0 1
1.83214 1.20001 0 1
1.84012 1.20001 0 1
 1.8481 1.20001 0 1
1.85609 1.20001 0 1
1.86407 1.20001 0 1
1.87206 1.20001 0 1
1.88004 1.20001 0 1
1.88802 1.20001 0 1
1.89601 1.20001 0 1
1.90399 1.20001 0 1
1.91198 1.20001 0 1
1.91996 1.20001 0 1
1.92794 1.20001 0 1
1.93593 1.20001 0 1
1.94391 1.20001 0 1
 1.9519 1.20001 0 1
1.95988 1.20001 0 1
1.96786 1.20001 0 1
1.97585 1.20001 0 1
1.98383 1.20001 0 1
1.99182 1.20001 0 1
 1.9998 1.20001 0 1
 1.6002 1.20001 0 1
1.60818 1.20001 0 1
1.61617 1.20001 0 1
1.62415 1.20001 0 1
1.63214 1.20001 0 1
1.64012 1.20001 0 1
 1.6481 1.20001 0 1
1.65609 1.20001 0 1
1.66407 1.20001 0 1
1.67206 1.20001 0 1
1.68004 1.20001 0 1
1.68802 1.20001 0 1
1.69601 1.20001 0 1
1.70399 1.20001 0 1
1.71198 1.20001 0 1
1.71996 1.20001 0 1
1.72794 1.20001 0 1
1.73593 1.20001 0 1
1.74391 1.20001 0 1
 1.7519 1.20001 0 1
1.75988 1.20001 0 1
1.76786 1.20001 0 1
1.77585 1.20001 0 1
1.78383 1.20001 0 1
1.79182 1.20001 0 1
 1.7998 1.20001 0 1
 1.4002 1.20001 0 1
1.40818 1.20001 0 1
1.41617 1.20001 0 1
1.42415 1.20001 0 1
1.43214 1.20001 0 1
1.44012 1.20001 0 1
 1.4481 1.20001 0 1
1.45609 1.20001 0 1
1.46407 1.20001 0 1
1.47206 1.20001 0 1
1.48004 1.20001 0 1
1.48802 1.20001 0 1
1.49601 1.20001 0 1
1.50399 1.20001 0 1
1.51198 1.20001 0 1
1.51996 1.20001 0 1
1.52794 1.20001 0 1
1.53593 1.20001 0 1
1.54391 1.20001 0 1
 1.5519 1.20001 0 1
1.55988 1.20001 0 1
1.56786 1.20001 0 1
1.57585 1.20001 0 1
1.58383 1.20001 0 1
1.59182 1.20001 0 1
 1.5998 1.20001 0 1
 1.2002 1.20001 0 1
1.20818 1.20001 0 1
1.21617 1.20001 0 1
1.22415 1.20001 0 1
1.23214 1.20001 0 1
1.24012 1.20001 0 1
 1.2481 1.20001 0 1
1.25609 1.20001 0 1
1.26407 1.20001 0 1
1.27206 1.20001 0 1
1.28004 1.20001 0 1
1.28802 1.20001 0 1
1.29601 1.20001 0 1
1.30399 1.20001 0 1
1.31198 1.20001 0 1
1.31996 1.20001 0 1
1.32794 1.20001 0 1
1.33593 1.20001 0 1
1.34391 1.20001 0 1
 1.3519 1.20001 0 1
1.35988 1.20001 0 1
1.36786 1.20001 0 1
1.37585 1.20001 0 1
1.38383 1.20001 0 1
1.39182 1.20001 0 1
 1.3998 1.20001 0 1
 1.0002 1.20001 0 1
1.00818 1.20001 0 1
1.01617 1.20001 0 1
1.02415 1.20001 0 1
1.03214 1.20001 0 1
1.04012 1.20001 0 1
 1.0481 1.20001 0 1
1.05609 1.20001 0 1
1.06407 1.20001 0 1
1.07206 1.20001 0 1
1.08004 1.20001 0 1
1.08802 1.20001 0 1
1.09601 1.20001 0 1
1.10399 1.20001 0 1
1.11198 1.20001 0 1
1.11996 1.20001 0 1
1.12794 1.20001 0 1
1.13593 1.20001 0 1
1.14391 1.20001 0 1
 1.1519 1.20001 0 1
1.15988 1.20001 0 1
1.16786 1.20001 0 1
1.17585 1.20001 0 1
1.18383 1.20001 0 1
1.19182 1.20001 0 1
 1.1998 1.20001 0 1
 0.8002 1.20001 0 1
0.808184  1.20001 0 1
0.816168  1.20001 0 1
0.824152  1.20001 0 1
0.832136  1.20001 0 1
0.84012 1.20001 0 1
0.848104  1.20001 0 1
0.856088  1.20001 0 1
0.864072  1.20001 0 1
0.872056  1.20001 0 1
0.88004 1.20001 0 1
0.888024  1.20001 0 1
0.896008  1.20001 0 1
0.903992  1.20001 0 1
0.911976  1.20001 0 1
0.91996 1.20001 0 1
0.927944  1.20001 0 1
0.935928  1.20001 0 1
0.943912  1.20001 0 1
0.951896  1.20001 0 1
0.95988 1.20001 0 1
0.967864  1.20001 0 1
0.975848  1.20001 0 1
0.983832  1.20001 0 1
0.991816  1.20001 0 1
 0.9998 1.20001 0 1
0.79999 1.20001 0 1
0.79999 1.20001 0 1
0.799991  1.20001 0 1
0.799991  1.20001 0 1
0.799992  1.20001 0 1
0.799992  1.20001 0 1
0.799992  1.20001 0 1
0.799993  1.20001 0 1
0.799993  1.20001 0 1
0.799994  1.20001 0 1
0.799994  1.20001 0 1
0.799994  1.20001 0 1
0.799995  1.20001 0 1
0.799995  1.20001 0 1
0.799996  1.20001 0 1
0.799996  1.20001 0 1
0.799996  1.20001 0 1
0.799997  1.20001 0 1
0.799997  1.20001 0 1
0.799998  1.20001 0 1
0.799998  1.20001 0 1
0.799998  1.20001 0 1
0.799999  1.20001 0 1
0.799999  1.20001 0 1
    0.8 1.20001 0 1
    0.8 1.20001 0 1
0.79999     1.2 -1 -0
0.79999     1.2 -1 -0
0.79999     1.2 -1 -0
0.79999     1.2 -1 -0
0.79999     1.2 -1 -0
0.79999     1.2 -1 -0
0.79999     1.2 -1 -0
0.79999     1.2 -1 -0
0.79999     1.2 -1 -0
0.79999     1.2 -1 -0
0.79999     1.2 -1 -0
0.79999     1.2 -1 -0
0.79999     1.2 -1 -0
0.79999 1.20001 -1 -0
0.79999 1.20001 -1 -0
0.79999 1.20001 -1 -0
0.79999 1.20001 -1 -0
0.79999 1.20001 -1 -0
0.79999 1.20001 -1 -0
0.79999 1.20001 -1 -0
0.79999 1.20001 -1 -0
0.79999 1.20001 -1 -0
0.79999 1.20001 -1 -0
0.79999 1.20001 -1 -0
0.79999 1.20001 -1 -0
0.79999 1.20001 -1 -0
0.79999  1.0002 -1 -0
0.79999 1.00818 -1 -0
0.79999 1.01617 -1 -0
0.79999 1.02415 -1 -0
0.79999 1.03214 -1 -0
0.79999 1.04012 -1 -0
0.79999  1.0481 -1 -0
0.79999 1.05609 -1 -0
0.79999 1.06407 -1 -0
0.79999 1.07206 -1 -0
0.79999 1.08004 -1 -0
0.79999 1.08802 -1 -0
0.79999 1.09601 -1 -0
0.79999 1.10399 -1 -0
0.79999 1.11198 -1 -0
0.79999 1.11996 -1 -0
0.79999 1.12794 -1 -0
0.79999 1.13593 -1 -0
0.79999 1.14391 -1 -0
0.79999  1.1519 -1 -0
0.79999 1.15988 -1 -0
0.79999 1.16786 -1 -0
0.79999 1.17585 -1 -0
0.79999 1.18383 -1 -0
0.79999 1.19182 -1 -0
0.79999  1.1998 -1 -0
0.79999  0.8002 -1 -0
 0.79999 0.808184 -1 -0
 0.79999 0.816168 -1 -0
 0.79999 0.824152 -1 -0
 0.79999 0.832136 -1 -0
0.79999 0.84012 -1 -0
 0.79999 0.848104 -1 -0
 0.79999 0.856088 -1 -0
 0.79999 0.864072 -1 -0
 0.79999 0.872056 -1 -0
0.79999 0.88004 -1 -0
 0.79999 0.888024 -1 -0
 0.79999 0.896008 -1 -0
 0.79999 0.903992 -1 -0
 0.79999 0.911976 -1 -0
0.79999 0.91996 -1 -0
 0.79999 0.927944 -1 -0
 0.79999 0.935928 -1 -0
 0.79999 0.943912 -1 -0
 0.79999 0.951896 -1 -0
0.79999 0.95988 -1 -0
 0.79999 0.967864 -1 -0
 0.79999 0.975848 -1 -0
 0.79999 0.983832 -1 -0
 0.79999 0.991816 -1 -0
0.79999  0.9998 -1 -0
0.79999  0.6002 -1 -0
 0.79999 0.608184 -1 -0
 0.79999 0.616168 -1 -0
 0.79999 0.624152 -1 -0
 0.79999 0.632136 -1 -0
0.79999 0.64012 -1 -0
 0.79999 0.648104 -1 -0
 0.79999 0.656088 -1 -0
 0.79999 0.664072 -1 -0
 0.79999 0.672056 -1 -0
0.79999 0.68004 -1 -0
 0.79999 0.688024 -1 -0
 0.79999 0.696008 -1 -0
 0.79999 0.703992 -1 -0
 0.79999 0.711976 -1 -0
0.79999 0.71996 -1 -0
 0.79999 0.727944 -1 -0
 0.79999 0.735928 -1 -0
 0.79999 0.743912 -1 -0
 0.79999 0.751896 -1 -0
0.79999 0.75988 -1 -0
 0.79999 0.767864 -1 -0
 0.79999 0.775848 -1 -0
 0.79999 0.783832 -1 -0
 0.79999 0.791816 -1 -0
0.79999  0.7998 -1 -0
0.79999  0.4002 -1 -0
 0.79999 0.408184 -1 -0
 0.79999 0.416168 -1 -0
 0.79999 0.424152 -1 -0
 0.79999 0.432136 -1 -0
0.79999 0.44012 -1 -0
 0.79999 0.448104 -1 -0
 0.79999 0.456088 -1 -0
 0.79999 0.464072 -1 -0
 0.79999 0.472056 -1 -0
0.79999 0.48004 -1 -0
 0.79999 0.488024 -1 -0
 0.79999 0.496008 -1 -0
 0.79999 0.503992 -1 -0
 0.79999 0.511976 -1 -0
0.79999 0.51996 -1 -0
 0.79999 0.527944 -1 -0
 0.79999 0.535928 -1 -0
 0.79999 0.543912 -1 -0
 0.79999 0.551896 -1 -0
0.79999 0.55988 -1 -0
 0.79999 0.567864 -1 -0
 0.79999 0.575848 -1 -0
 0.79999 0.583832 -1 -0
 0.79999 0.591816 -1 -0
0.79999  0.5998 -1 -0
0.79999  0.2002 -1 -0
 0.79999 0.208184 -1 -0
 0.79999 0.216168 -1 -0
 0.79999 0.224152 -1 -0
 0.79999 0.232136 -1 -0
0.79999 0.24012 -1 -0
 0.79999 0.248104 -1 -0
 0.79999 0.256088 -1 -0
 0.79999 0.264072 -1 -0
 0.79999 0.272056 -1 -0
0.79999 0.28004 -1 -0
 0.79999 0.288024 -1 -0
 0.79999 0.296008 -1 -0
 0.79999 0.303992 -1 -0
 0.79999 0.311976 -1 -0
0.79999 0.31996 -1 -0
 0.79999 0.327944 -1 -0
 0.79999 0.335928 -1 -0
 0.79999 0.343912 -1 -0
 0.79999 0.351896 -1 -0
0.79999 0.35988 -1 -0
 0.79999 0.367864 -1 -0
 0.79999 0.375848 -1 -0
 0.79999 0.383832 -1 -0
 0.79999 0.391816 -1 -0
0.79999  0.3998 -1 -0
0.79999  0.0002 -1 -0
 0.79999 0.008184 -1 -0
 0.79999 0.016168 -1 -0
 0.79999 0.024152 -1 -0
 0.79999 0.032136 -1 -0
0.79999 0.04012 -1 -0
 0.79999 0.048104 -1 -0
 0.79999 0.056088 -1 -0
 0.79999 0.064072 -1 -0
 0.79999 0.072056 -1 -0
0.79999 0.08004 -1 -0
 0.79999 0.088024 -1 -0
 0.79999 0.096008 -1 -0
 0.79999 0.103992 -1 -0
 0.79999 0.111976 -1 -0
0.79999 0.11996 -1 -0
 0.79999 0.127944 -1 -0
 0.79999 0.135928 -1 -0
 0.79999 0.143912 -1 -0
 0.79999 0.151896 -1 -0
0.79999 0.15988 -1 -0
 0.79999 0.167864 -1 -0
 0.79999 0.175848 -1 -0
 0.79999 0.183832 -1 -0
 0.79999 0.191816 -1 -0
0.79999  0.1998 -1 -0
0.79999 -0.1998 -1 -0
  0.79999 -0.191816 -1 -0
  0.79999 -0.183832 -1 -0
  0.79999 -0.175848 -1 -0
  0.79999 -0.167864 -1 -0
 0.79999 -0.15988 -1 -0
  0.79999 -0.151896 -1 -0
  0.79999 -0.143912 -1 -0
  0.79999 -0.135928 -1 -0
  0.79999 -0.127944 -1 -0
 0.79999 -0.11996 -1 -0
  0.79999 -0.111976 -1 -0
  0.79999 -0.103992 -1 -0
  0.79999 -0.096008 -1 -0
  0.79999 -0.088024 -1 -0
 0.79999 -0.08004 -1 -0
  0.79999 -0.072056 -1 -0
  0.79999 -0.064072 -1 -0
  0.79999 -0.056088 -1 -0
  0.79999 -0.048104 -1 -0
 0.79999 -0.04012 -1 -0
  0.79999 -0.032136 -1 -0
  0.79999 -0.024152 -1 -0
  0.79999 -0.016168 -1 -0
  0.79999 -0.008184 -1 -0
0.79999 -0.0002 -1 -0
0.79999 -0.3998 -1 -0
  0.79999 -0.391816 -1 -0
  0.79999 -0.383832 -1 -0
  0.79999 -0.375848 -1 -0
  0.79999 -0.367864 -1 -0
 0.79999 -0.35988 -1 -0
  0.79999 -0.351896 -1 -0
  0.79999 -0.343912 -1 -0
  0.79999 -0.335928 -1 -0
  0.79999 -0.327944 -1 -0
 0.79999 -0.31996 -1 -0
  0.79999 -0.311976 -1 -0
  0.79999 -0.303992 -1 -0
  0.79999 -0.296008 -1 -0
  0.79999 -0.288024 -1 -0
 0.79999 -0.28004 -1 -0
  0.79999 -0.272056 -1 -0
  0.79999 -0.264072 -1 -0
  0.79999 -0.256088 -1 -0
  0.79999 -0.248104 -1 -0
 0.79999 -0.24012 -1 -0
  0.79999 -0.232136 -1 -0
  0.79999 -0.224152 -1 -0
  0.79999 -0.216168 -1 -0
  0.79999 -0.208184 -1 -0
0.79999 -0.2002 -1 -0
0.79999 -0.5998 -1 -0
  0.79999 -0.591816 -1 -0
  0.79999 -0.583832 -1 -0
  0.79999 -0.575848 -1 -0
  0.79999 -0.567864 -1 -0
 0.79999 -0.55988 -1 -0
  0.79999 -0.551896 -1 -0
  0.79999 -0.543912 -1 -0
  0.79999 -0.535928 -1 -0
  0.79999 -0.527944 -1 -0
 0.79999 -0.51996 -1 -0
  0.79999 -0.511976 -1 -0
  0.79999 -0.503992 -1 -0
  0.79999 -0.496008 -1 -0
  0.79999 -0.488024 -1 -0
 0.79999 -0.48004 -1 -0
  0.79999 -0.472056 -1 -0
  0.79999 -0.464072 -1 -0
  0.79999 -0.456088 -1 -0
  0.79999 -0.448104 -1 -0
 0.79999 -0.44012 -1 -0
  0.79999 -0.432136 -1 -0
  0.79999 -0.424152 -1 -0
  0.79999 -0.416168 -1 -0
  0.79999 -0.408184 -1 -0
0.79999 -0.4002 -1 -0
0.79999 -0.7998 -1 -0
  0.79999 -0.791816 -1 -0
  0.79999 -0.783832 -1 -0
  0.79999 -0.775848 -1 -0
  0.79999 -0.767864 -1 -0
 0.79999 -0.75988 -1 -0
  0.79999 -0.751896 -1 -0
  0.79999 -0.743912 -1 -0
  0.79999 -0.735928 -1 -0
  0.79999 -0.727944 -1 -0
 0.79999 -0.71996 -1 -0
  0.79999 -0.711976 -1 -0
  0.79999 -0.703992 -1 -0
  0.79999 -0.696008 -1 -0
  0.79999 -0.688024 -1 -0
 0.79999 -0.68004 -1 -0
  0.79999 -0.672056 -1 -0
  0.79999 -0.664072 -1 -0
  0.79999 -0.656088 -1 -0
  0.79999 -0.648104 -1 -0
 0.79999 -0.64012 -1 -0
  0.79999 -0.632136 -1 -0
  0.79999 -0.624152 -1 -0
  0.79999 -0.616168 -1 -0
  0.79999 -0.608184 -1 -0
0.79999 -0.6002 -1 -0
0.79999 -0.9998 -1 -0
  0.79999 -0.991816 -1 -0
  0.79999 -0.983832 -1 -0
  0.79999 -0.975848 -1 -0
  0.79999 -0.967864 -1 -0
 0.79999 -0.95988 -1 -0
  0.79999 -0.951896 -1 -0
  0.79999 -0.943912 -1 -0
  0.79999 -0.935928 -1 -0
  0.79999 -0.927944 -1 -0
 0.79999 -0.91996 -1 -0
  0.79999 -0.911976 -1 -0
  0.79999 -0.903992 -1 -0
  0.79999 -0.896008 -1 -0
  0.79999 -0.888024 -1 -0
 0.79999 -0.88004 -1 -0
  0.79999 -0.872056 -1 -0
  0.79999 -0.864072 -1 -0
  0.79999 -0.856088 -1 -0
  0.79999 -0.848104 -1 -0
 0.79999 -0.84012 -1 -0
  0.79999 -0.832136 -1 -0
  0.79999 -0.824152 -1 -0
  0.79999 -0.816168 -1 -0
  0.79999 -0.808184 -1 -0
0.79999 -0.8002 -1 -0
0.79999 -1.1998 -1 -0
 0.79999 -1.19182 -1 -0
 0.79999 -1.18383 -1 -0
 0.79999 -1.17585 -1 -0
 0.79999 -1.16786 -1 -0
 0.79999 -1.15988 -1 -0
0.79999 -1.1519 -1 -0
 0.79999 -1.14391 -1 -0
 0.79999 -1.13593 -1 -0
 0.79999 -1.12794 -1 -0
 0.79999 -1.11996 -1 -0
 0.79999 -1.11198 -1 -0
 0.79999 -1.10399 -1 -0
 0.79999 -1.09601 -1 -0
 0.79999 -1.08802 -1 -0
 0.79999 -1.08004 -1 -0
 0.79999 -1.07206 -1 -0
 0.79999 -1.06407 -1 -0
 0.79999 -1.05609 -1 -0
0.79999 -1.0481 -1 -0
 0.79999 -1.04012 -1 -0
 0.79999 -1.03214 -1 -0
 0.79999 -1.02415 -1 -0
 0.79999 -1.01617 -1 -0
 0.79999 -1.00818 -1 -0
0.79999 -1.0002 -1 -0
 0.79999 -1.20001 -1 -0
 0.79999 -1.20001 -1 -0
 0.79999 -1.20001 -1 -0
 0.79999 -1.20001 -1 -0
 0.79999 -1.20001 -1 -0
 0.79999 -1.20001 -1 -0
 0.79999 -1.20001 -1 -0
 0.79999 -1.20001 -1 -0
 0.79999 -1.20001 -1 -0
 0.79999 -1.20001 -1 -0
 0.79999 -1.20001 -1 -0
 0.79999 -1.20001 -1 -0
 0.79999 -1.20001 -1 -0
0.79999    -1.2 -1 -0
0.79999    -1.2 -1 -0
0.79999    -1.2 -1 -0
0.79999    -1.2 -1 -0
0.79999    -1.2 -1 -0
0.79999    -1.2 -1 -0
0.79999    -1.2 -1 -0
0.79999    -1.2 -1 -0
0.79999    -1.2 -1 -0
0.79999    -1.2 -1 -0
0.79999    -1.2 -1 -0
0.79999    -1.2 -1 -0
0.79999    -1.2 -1 -0
